当前时间为： ,2022-08-01 22:27:29.360693

Validation error matrix_RF_yizai1_2018_30: ,"[[19, 2, 7, 0, 1, 0, 0, 0, 0], [0, 15, 0, 4, 3, 0, 0, 0, 0], [2, 4, 3, 2, 3, 2, 0, 0, 1], [1, 1, 1, 12, 3, 2, 0, 0, 1], [1, 1, 0, 2, 16, 4, 0, 0, 1], [1, 3, 2, 6, 6, 1, 0, 1, 2], [0, 0, 0, 0, 0, 0, 0, 0, 0], [0, 0, 0, 0, 0, 0, 0, 16, 3], [0, 0, 0, 0, 0, 1, 0, 1, 24]]"

Validation overall accuracy_RF_yizai1_2018_30: ,0.585635359116022

Validation kappa accuracy_RF_yizai1_2018_30: ,0.5242184214215617

Validation kappa accuracy_RF_yizai1_2018_30水稻面积为(Km): ,195.17995713050846

当前时间为： ,2022-08-01 22:27:53.204998

Validation error matrix_RF_bajie1_2018_30: ,"[[13, 0, 4, 0, 0, 0, 0, 0, 0], [0, 14, 0, 2, 1, 2, 0, 0, 0], [6, 1, 2, 4, 1, 3, 0, 0, 1], [7, 5, 3, 7, 1, 1, 0, 0, 1], [0, 1, 0, 1, 14, 5, 0, 1, 2], [2, 4, 2, 3, 10, 1, 0, 1, 0], [0, 0, 0, 0, 0, 0, 0, 0, 0], [0, 0, 0, 0, 0, 0, 0, 15, 0], [0, 0, 0, 0, 0, 0, 0, 0, 14]]"

Validation overall accuracy_RF_bajie1_2018_30: ,0.5161290322580645

Validation kappa accuracy_RF_bajie1_2018_30: ,0.44695528068506185

Validation kappa accuracy_RF_bajie1_2018_30水稻面积为(Km): ,106.8698583519421

当前时间为： ,2022-08-01 22:28:13.000992

Validation error matrix_RF_chousui1_2018_30: ,"[[15, 0, 3, 3, 0, 0, 0, 0, 0], [0, 15, 0, 2, 0, 1, 0, 0, 0], [4, 2, 6, 0, 0, 1, 0, 0, 1], [2, 4, 1, 11, 0, 2, 0, 0, 1], [0, 1, 2, 0, 13, 2, 0, 0, 0], [2, 4, 4, 4, 7, 5, 0, 2, 0], [0, 0, 0, 0, 0, 0, 0, 0, 0], [0, 0, 0, 1, 1, 0, 0, 15, 4], [0, 0, 0, 0, 1, 0, 0, 1, 23]]"

Validation overall accuracy_RF_chousui1_2018_30: ,0.6204819277108434

Validation kappa accuracy_RF_chousui1_2018_30: ,0.5666514730866449

Validation kappa accuracy_RF_chousui1_2018_30水稻面积为(Km): ,195.065182544875

当前时间为： ,2022-08-01 22:28:32.499509

Validation error matrix_RF_yizai2_2018_30: ,"[[19, 0, 6, 3, 0, 0, 0, 0, 0], [0, 18, 1, 1, 0, 1, 0, 0, 0], [4, 1, 8, 4, 1, 1, 0, 0, 2], [2, 4, 1, 2, 4, 0, 0, 0, 3], [0, 2, 0, 1, 9, 4, 0, 1, 0], [5, 4, 3, 0, 4, 1, 0, 0, 1], [0, 0, 0, 0, 0, 0, 0, 0, 0], [0, 0, 0, 0, 0, 0, 0, 13, 0], [0, 1, 0, 1, 0, 1, 0, 1, 15]]"

Validation overall accuracy_RF_yizai2_2018_30: ,0.5555555555555556

Validation kappa accuracy_RF_yizai2_2018_30: ,0.48758865248226957

Validation kappa accuracy_RF_yizai2_2018_30水稻面积为(Km): ,256.1938512803955

当前时间为： ,2022-08-01 22:28:56.824854

Validation error matrix_RF_bajie2_2018_30: ,"[[11, 1, 1, 1, 1, 0, 0, 0, 0], [0, 19, 1, 1, 1, 1, 0, 0, 0], [8, 0, 6, 2, 2, 1, 0, 0, 1], [3, 4, 4, 12, 3, 1, 0, 0, 1], [0, 1, 0, 0, 13, 2, 0, 0, 2], [5, 3, 1, 1, 3, 3, 0, 0, 0], [0, 0, 0, 0, 0, 0, 0, 0, 0], [0, 1, 1, 0, 3, 1, 0, 13, 0], [0, 0, 0, 0, 1, 0, 0, 0, 22]]"

Validation overall accuracy_RF_bajie2_2018_30: ,0.6111111111111112

Validation kappa accuracy_RF_bajie2_2018_30: ,0.5551196547665752

Validation kappa accuracy_RF_bajie2_2018_30水稻面积为(Km): ,136.35996547687964

当前时间为： ,2022-08-01 22:29:17.059195

Validation error matrix_RF_chousui2_2018_30: ,"[[8, 0, 4, 0, 0, 1, 0, 0, 0], [0, 15, 1, 2, 1, 1, 0, 0, 0], [8, 3, 4, 0, 1, 1, 0, 0, 0], [0, 5, 4, 7, 2, 1, 0, 0, 0], [0, 0, 0, 1, 15, 4, 0, 1, 0], [2, 2, 1, 2, 2, 8, 0, 0, 0], [0, 0, 0, 0, 0, 0, 0, 0, 0], [0, 2, 0, 0, 1, 0, 0, 17, 1], [0, 1, 1, 0, 1, 1, 0, 2, 21]]"

Validation overall accuracy_RF_chousui2_2018_30: ,0.6129032258064516

Validation kappa accuracy_RF_chousui2_2018_30: ,0.5563400438889419

Validation kappa accuracy_RF_chousui2_2018_30水稻面积为(Km): ,178.5865249907543

当前时间为： ,2022-08-01 22:29:47.950821

Validation error matrix_RF_yizai1_2019_30: ,"[[7, 2, 7, 1, 1, 1, 0, 0, 0], [0, 17, 1, 3, 1, 0, 0, 0, 0], [7, 4, 7, 1, 4, 2, 0, 0, 0], [2, 4, 4, 6, 3, 2, 0, 1, 0], [1, 2, 1, 2, 6, 3, 0, 0, 1], [2, 1, 3, 3, 2, 5, 0, 0, 2], [0, 0, 0, 0, 0, 0, 0, 0, 0], [1, 1, 0, 1, 1, 0, 0, 20, 0], [0, 0, 0, 2, 0, 0, 0, 2, 20]]"

Validation overall accuracy_RF_yizai1_2019_30: ,0.5176470588235295

Validation kappa accuracy_RF_yizai1_2019_30: ,0.44724215868987677

Validation kappa accuracy_RF_yizai1_2019_30水稻面积为(Km): ,118.64314855584061

当前时间为： ,2022-08-01 22:30:18.189850

Validation error matrix_RF_bajie1_2019_30: ,"[[12, 1, 3, 2, 0, 0, 0, 0, 0], [1, 11, 1, 1, 1, 0, 0, 0, 0], [5, 2, 8, 3, 1, 2, 0, 0, 0], [1, 3, 0, 13, 2, 0, 0, 0, 0], [0, 1, 0, 0, 14, 3, 0, 0, 1], [3, 2, 4, 1, 1, 6, 0, 0, 1], [0, 0, 0, 0, 0, 0, 0, 0, 0], [0, 0, 0, 0, 0, 0, 0, 18, 0], [0, 0, 0, 0, 0, 2, 0, 1, 19]]"

Validation overall accuracy_RF_bajie1_2019_30: ,0.6733333333333333

Validation kappa accuracy_RF_bajie1_2019_30: ,0.6266951089440804

Validation kappa accuracy_RF_bajie1_2019_30水稻面积为(Km): ,232.48953577155407

当前时间为： ,2022-08-01 22:30:48.120172

Validation error matrix_RF_chousui1_2019_30: ,"[[14, 0, 10, 1, 0, 0, 0, 0, 0], [0, 15, 1, 1, 2, 1, 0, 0, 1], [6, 1, 9, 1, 2, 2, 0, 0, 0], [2, 4, 0, 6, 0, 1, 0, 0, 0], [0, 0, 2, 2, 12, 5, 0, 1, 0], [3, 1, 3, 3, 7, 3, 0, 2, 3], [0, 0, 0, 0, 0, 0, 0, 0, 0], [0, 0, 0, 1, 0, 0, 0, 17, 1], [0, 0, 0, 0, 0, 1, 0, 0, 8]]"

Validation overall accuracy_RF_chousui1_2019_30: ,0.5419354838709678

Validation kappa accuracy_RF_chousui1_2019_30: ,0.4737219645162834

Validation kappa accuracy_RF_chousui1_2019_30水稻面积为(Km): ,238.46974461314625

当前时间为： ,2022-08-01 22:31:22.247348

Validation error matrix_RF_yizai2_2019_30: ,"[[17, 1, 4, 2, 0, 0, 0, 0, 0], [1, 18, 1, 1, 0, 0, 0, 0, 0], [5, 1, 12, 5, 2, 2, 0, 0, 0], [2, 5, 0, 12, 0, 1, 0, 0, 0], [0, 2, 0, 0, 24, 3, 0, 0, 0], [2, 2, 2, 0, 5, 7, 0, 0, 1], [0, 0, 0, 0, 0, 0, 0, 0, 0], [0, 0, 1, 0, 0, 0, 0, 14, 2], [0, 0, 0, 0, 1, 0, 0, 1, 16]]"

Validation overall accuracy_RF_yizai2_2019_30: ,0.6857142857142857

Validation kappa accuracy_RF_yizai2_2019_30: ,0.6389180672268908

Validation kappa accuracy_RF_yizai2_2019_30水稻面积为(Km): ,262.1273010177168

当前时间为： ,2022-08-01 22:32:02.518033

Validation error matrix_RF_bajie2_2019_30: ,"[[12, 0, 7, 1, 0, 1, 0, 0, 0], [1, 16, 3, 4, 1, 0, 0, 0, 0], [1, 0, 11, 2, 1, 4, 0, 0, 0], [2, 2, 3, 11, 1, 5, 0, 0, 0], [0, 1, 0, 0, 13, 3, 0, 0, 0], [0, 1, 3, 1, 11, 10, 0, 0, 0], [0, 0, 0, 0, 0, 0, 0, 0, 0], [0, 0, 0, 0, 2, 1, 0, 17, 1], [0, 0, 0, 1, 0, 0, 0, 2, 21]]"

Validation overall accuracy_RF_bajie2_2019_30: ,0.6271186440677966

Validation kappa accuracy_RF_bajie2_2019_30: ,0.5745192307692308

Validation kappa accuracy_RF_bajie2_2019_30水稻面积为(Km): ,231.60358631798056

当前时间为： ,2022-08-01 22:32:34.210717

Validation error matrix_RF_chousui2_2019_30: ,"[[18, 2, 2, 1, 0, 0, 0, 0, 0], [0, 19, 0, 7, 0, 0, 0, 0, 0], [2, 2, 9, 2, 2, 4, 0, 0, 0], [3, 5, 3, 14, 1, 0, 0, 0, 1], [0, 0, 1, 0, 9, 5, 0, 0, 0], [0, 2, 3, 2, 3, 5, 0, 1, 2], [0, 0, 0, 0, 0, 0, 0, 0, 0], [0, 0, 1, 0, 0, 0, 0, 18, 2], [0, 0, 1, 0, 2, 1, 0, 1, 13]]"

Validation overall accuracy_RF_chousui2_2019_30: ,0.621301775147929

Validation kappa accuracy_RF_chousui2_2019_30: ,0.5649410723623345

Validation kappa accuracy_RF_chousui2_2019_30水稻面积为(Km): ,210.30359401568236

当前时间为： ,2022-08-01 22:33:12.561725

Validation error matrix_RF_yizai1_2020_30: ,"[[10, 0, 1, 0, 0, 0, 0, 0, 0], [1, 19, 0, 2, 1, 1, 0, 0, 1], [1, 1, 16, 3, 3, 1, 0, 0, 0], [3, 2, 0, 7, 2, 4, 0, 0, 4], [0, 0, 2, 5, 11, 3, 0, 0, 0], [0, 1, 1, 3, 6, 7, 0, 1, 3], [0, 0, 0, 0, 0, 0, 0, 0, 0], [1, 1, 0, 0, 0, 0, 0, 16, 0], [2, 1, 0, 1, 1, 0, 0, 0, 19]]"

Validation overall accuracy_RF_yizai1_2020_30: ,0.625

Validation kappa accuracy_RF_yizai1_2020_30: ,0.5702626984449226

Validation kappa accuracy_RF_yizai1_2020_30水稻面积为(Km): ,172.23458436862228

当前时间为： ,2022-08-01 22:33:44.628281

Validation error matrix_RF_bajie1_2020_30: ,"[[13, 0, 2, 0, 0, 0, 0, 0, 0], [0, 10, 0, 0, 1, 0, 0, 0, 0], [2, 0, 12, 2, 2, 2, 0, 1, 1], [2, 6, 2, 2, 1, 1, 0, 0, 0], [0, 1, 1, 0, 12, 0, 0, 1, 0], [0, 1, 1, 1, 12, 6, 0, 1, 1], [0, 0, 0, 0, 0, 0, 0, 0, 0], [0, 0, 0, 0, 3, 0, 0, 21, 0], [0, 0, 0, 2, 1, 0, 0, 1, 18]]"

Validation overall accuracy_RF_bajie1_2020_30: ,0.6438356164383562

Validation kappa accuracy_RF_bajie1_2020_30: ,0.5927475592747561

Validation kappa accuracy_RF_bajie1_2020_30水稻面积为(Km): ,183.607173630082

当前时间为： ,2022-08-01 22:34:16.541704

Validation error matrix_RF_chousui1_2020_30: ,"[[20, 1, 0, 1, 0, 0, 0, 0, 1], [0, 15, 0, 2, 1, 0, 0, 0, 1], [3, 1, 8, 1, 0, 2, 0, 0, 0], [3, 5, 0, 1, 0, 1, 0, 0, 1], [0, 3, 1, 2, 15, 5, 0, 0, 3], [0, 3, 4, 1, 1, 3, 0, 0, 4], [0, 0, 0, 0, 0, 0, 0, 0, 0], [0, 0, 0, 0, 0, 1, 0, 17, 1], [0, 0, 0, 0, 0, 1, 0, 1, 16]]"

Validation overall accuracy_RF_chousui1_2020_30: ,0.6333333333333333

Validation kappa accuracy_RF_chousui1_2020_30: ,0.578177727784027

Validation kappa accuracy_RF_chousui1_2020_30水稻面积为(Km): ,169.6345659003616

当前时间为： ,2022-08-01 22:34:53.942786

Validation error matrix_RF_yizai2_2020_30: ,"[[13, 0, 4, 0, 0, 1, 0, 0, 0], [0, 18, 0, 3, 0, 1, 0, 0, 0], [0, 3, 9, 1, 0, 3, 0, 1, 0], [2, 1, 2, 11, 0, 1, 0, 0, 0], [0, 1, 0, 0, 14, 5, 0, 1, 0], [0, 2, 3, 0, 4, 11, 0, 0, 3], [0, 0, 0, 0, 0, 0, 0, 0, 0], [0, 0, 1, 0, 0, 0, 0, 19, 1], [0, 0, 1, 0, 0, 1, 0, 0, 15]]"

Validation overall accuracy_RF_yizai2_2020_30: ,0.7051282051282052

Validation kappa accuracy_RF_yizai2_2020_30: ,0.6623058823529412

Validation kappa accuracy_RF_yizai2_2020_30水稻面积为(Km): ,245.10949595041296

当前时间为： ,2022-08-01 22:35:36.522563

Validation error matrix_RF_bajie2_2020_30: ,"[[13, 0, 0, 3, 0, 1, 0, 0, 0], [2, 12, 0, 1, 1, 1, 0, 0, 0], [2, 0, 12, 1, 2, 4, 0, 1, 0], [2, 5, 2, 8, 0, 2, 0, 0, 0], [0, 1, 2, 0, 11, 5, 0, 1, 0], [2, 2, 4, 0, 10, 6, 0, 0, 1], [0, 0, 0, 0, 0, 0, 0, 0, 0], [0, 0, 0, 0, 0, 0, 0, 20, 1], [0, 0, 1, 2, 0, 0, 0, 0, 11]]"

Validation overall accuracy_RF_bajie2_2020_30: ,0.6

Validation kappa accuracy_RF_bajie2_2020_30: ,0.5419883709846535

Validation kappa accuracy_RF_bajie2_2020_30水稻面积为(Km): ,187.13528411645382

当前时间为： ,2022-08-01 22:36:21.993869

Validation error matrix_RF_chousui2_2020_30: ,"[[12, 0, 0, 1, 0, 0, 0, 0, 0], [0, 17, 0, 5, 0, 0, 0, 0, 0], [3, 2, 6, 0, 1, 1, 0, 0, 0], [2, 0, 2, 6, 0, 0, 0, 0, 0], [0, 1, 0, 3, 14, 2, 0, 0, 1], [0, 0, 6, 2, 7, 5, 0, 0, 2], [0, 0, 0, 0, 0, 0, 0, 0, 0], [0, 0, 0, 0, 0, 0, 0, 18, 4], [0, 0, 0, 0, 0, 0, 0, 1, 15]]"

Validation overall accuracy_RF_chousui2_2020_30: ,0.6690647482014388

Validation kappa accuracy_RF_chousui2_2020_30: ,0.6216568047337278

Validation kappa accuracy_RF_chousui2_2020_30水稻面积为(Km): ,174.49302009667502

